734.521 0
734.518 1
734.514 2
734.509 3
734.505 4
734.5 5
734.495 6
734.491 7
734.486 8
734.481 9
734.477 10
734.472 11
734.467 12
734.463 13
734.458 14
734.453 15
734.449 16
734.444 17
734.439 18
734.435 19
734.43 20
734.425 21
734.421 22
734.416 23
734.411 24
734.407 25
734.402 26
734.397 27
734.393 28
734.388 29
734.383 30
734.379 31
734.374 32
734.369 33
734.365 34
734.36 35
734.355 36
734.351 37
734.346 38
734.341 39
734.337 40
734.332 41
734.327 42
734.323 43
734.318 44
734.313 45
734.309 46
734.304 47
734.299 48
734.295 49
734.29 50
734.285 51
734.281 52
734.276 53
734.271 54
734.267 55
734.262 56
734.257 57
734.253 58
734.248 59
734.243 60
734.239 61
734.234 62
734.229 63
734.225 64
734.22 65
734.215 66
734.211 67
734.206 68
734.201 69
734.197 70
734.192 71
734.188 72
734.183 73
734.178 74
734.173 75
734.169 76
734.164 77
734.159 78
734.155 79
734.15 80
734.146 81
734.141 82
734.136 83
734.131 84
734.127 85
734.122 86
734.117 87
734.113 88
734.108 89
734.104 90
734.099 91
734.094 92
734.09 93
734.085 94
734.08 95
734.076 96
734.071 97
734.066 98
734.062 99
734.057 100
734.052 101
734.048 102
734.043 103
734.038 104
734.034 105
734.029 106
734.024 107
734.02 108
734.015 109
734.01 110
734.006 111
734.001 112
733.996 113
733.992 114
733.987 115
733.982 116
733.978 117
733.973 118
733.968 119
733.964 120
733.959 121
733.954 122
733.95 123
733.945 124
733.94 125
733.936 126
733.931 127
733.926 128
733.922 129
733.917 130
733.912 131
733.908 132
733.903 133
733.898 134
733.894 135
733.889 136
733.884 137
733.88 138
733.875 139
733.87 140
733.866 141
733.861 142
733.856 143
733.852 144
733.847 145
733.842 146
733.838 147
733.833 148
733.828 149
733.824 150
733.819 151
733.814 152
733.81 153
733.805 154
733.8 155
733.796 156
733.791 157
733.786 158
733.782 159
733.777 160
733.772 161
733.768 162
733.763 163
733.758 164
733.754 165
733.749 166
733.744 167
733.74 168
733.735 169
733.73 170
733.726 171
733.721 172
733.716 173
733.712 174
733.707 175
733.702 176
733.698 177
733.693 178
733.688 179
733.684 180
733.679 181
733.674 182
733.67 183
733.665 184
733.66 185
733.656 186
733.651 187
733.646 188
733.642 189
733.637 190
733.632 191
733.628 192
733.623 193
733.618 194
733.614 195
733.609 196
733.604 197
733.6 198
733.595 199
733.59 200
733.586 201
733.581 202
733.576 203
733.572 204
733.567 205
733.562 206
733.558 207
733.553 208
733.548 209
733.544 210
733.539 211
733.534 212
733.53 213
733.525 214
733.521 215
733.516 216
733.511 217
733.506 218
733.502 219
733.497 220
733.492 221
733.488 222
733.483 223
733.479 224
733.474 225
733.469 226
733.464 227
733.46 228
733.455 229
733.451 230
733.446 231
733.441 232
733.437 233
733.432 234
733.427 235
733.422 236
733.418 237
733.413 238
733.409 239
733.404 240
733.399 241
733.395 242
733.39 243
733.385 244
733.381 245
733.376 246
733.371 247
733.367 248
733.362 249
733.357 250
733.353 251
733.348 252
733.343 253
733.339 254
733.334 255
733.329 256
733.325 257
733.32 258
733.315 259
733.311 260
733.306 261
733.301 262
733.297 263
733.292 264
733.287 265
733.283 266
733.278 267
733.273 268
733.269 269
733.264 270
733.259 271
733.255 272
733.25 273
733.245 274
733.241 275
733.236 276
733.231 277
733.227 278
733.222 279
733.217 280
733.213 281
733.208 282
733.203 283
733.199 284
733.194 285
733.189 286
733.185 287
733.18 288
733.175 289
733.171 290
733.166 291
733.161 292
733.157 293
733.152 294
733.147 295
733.143 296
733.138 297
733.133 298
733.129 299
733.124 300
733.119 301
733.115 302
733.11 303
733.105 304
733.101 305
733.096 306
733.091 307
733.087 308
733.082 309
733.077 310
733.073 311
733.068 312
733.063 313
733.059 314
733.054 315
733.049 316
733.045 317
733.04 318
733.035 319
733.031 320
733.026 321
733.021 322
733.017 323
733.012 324
733.007 325
733.003 326
732.998 327
732.993 328
732.989 329
732.984 330
732.979 331
732.975 332
732.97 333
732.965 334
732.961 335
732.956 336
732.951 337
732.947 338
732.942 339
732.937 340
732.933 341
732.928 342
732.923 343
732.919 344
732.914 345
732.909 346
732.905 347
732.9 348
732.895 349
732.891 350
732.886 351
732.881 352
732.877 353
732.872 354
732.867 355
732.863 356
732.858 357
732.853 358
732.849 359
732.844 360
732.839 361
732.835 362
732.83 363
732.826 364
732.821 365
732.816 366
732.812 367
732.807 368
732.802 369
732.797 370
732.793 371
732.788 372
732.784 373
732.779 374
732.774 375
732.77 376
732.765 377
732.76 378
732.755 379
732.751 380
732.746 381
732.742 382
732.737 383
732.732 384
732.728 385
732.723 386
732.718 387
732.714 388
732.709 389
732.704 390
732.7 391
732.695 392
732.69 393
732.686 394
732.681 395
732.676 396
732.672 397
732.667 398
732.662 399
732.658 400
732.653 401
732.648 402
732.644 403
732.639 404
732.634 405
732.63 406
732.625 407
732.62 408
732.616 409
732.611 410
732.606 411
732.602 412
732.597 413
732.592 414
732.588 415
732.583 416
732.578 417
732.574 418
732.569 419
732.564 420
732.56 421
732.555 422
732.55 423
732.546 424
732.541 425
732.536 426
732.532 427
732.527 428
732.522 429
732.518 430
732.513 431
732.508 432
732.504 433
732.499 434
732.494 435
732.49 436
732.485 437
732.48 438
732.476 439
732.471 440
732.466 441
732.462 442
732.457 443
732.452 444
732.448 445
732.443 446
732.438 447
732.434 448
732.429 449
732.424 450
732.42 451
732.415 452
732.41 453
732.406 454
732.401 455
732.396 456
732.392 457
732.387 458
732.382 459
732.378 460
732.373 461
732.368 462
732.364 463
732.359 464
732.354 465
732.35 466
732.345 467
732.34 468
732.336 469
732.331 470
732.326 471
732.322 472
732.317 473
732.312 474
732.308 475
732.303 476
732.298 477
732.294 478
732.289 479
732.284 480
732.28 481
732.275 482
732.27 483
732.266 484
732.261 485
732.256 486
732.252 487
732.247 488
732.242 489
732.238 490
732.233 491
732.228 492
732.224 493
732.219 494
732.214 495
732.21 496
732.205 497
732.2 498
732.196 499
732.191 500
732.186 501
732.182 502
732.177 503
732.172 504
732.168 505
732.163 506
732.158 507
732.154 508
732.149 509
732.144 510
732.14 511
732.135 512
732.13 513
732.126 514
732.121 515
732.117 516
732.112 517
732.107 518
732.103 519
732.098 520
732.093 521
732.089 522
732.084 523
732.079 524
732.075 525
732.07 526
732.065 527
732.061 528
732.056 529
732.051 530
732.047 531
732.042 532
732.037 533
732.033 534
732.028 535
732.023 536
732.019 537
732.014 538
732.009 539
732.005 540
732 541
731.995 542
731.991 543
731.986 544
731.981 545
731.977 546
731.972 547
731.967 548
731.963 549
731.958 550
731.953 551
731.949 552
731.944 553
731.939 554
731.935 555
731.93 556
731.925 557
731.921 558
731.916 559
731.911 560
731.907 561
731.902 562
731.897 563
731.893 564
731.888 565
731.883 566
731.879 567
731.874 568
731.869 569
731.865 570
731.86 571
731.855 572
731.851 573
731.846 574
731.841 575
731.837 576
731.832 577
731.827 578
731.823 579
731.818 580
731.813 581
731.809 582
731.804 583
731.799 584
731.795 585
731.79 586
731.785 587
731.781 588
731.776 589
731.771 590
731.767 591
731.762 592
731.757 593
731.753 594
731.748 595
731.743 596
731.739 597
731.734 598
731.729 599
731.725 600
731.72 601
731.715 602
731.711 603
731.706 604
731.701 605
731.697 606
731.692 607
731.687 608
731.683 609
731.678 610
731.673 611
731.669 612
731.664 613
731.659 614
731.655 615
731.65 616
731.645 617
731.641 618
731.636 619
731.631 620
731.627 621
731.622 622
731.617 623
731.613 624
731.608 625
731.603 626
731.599 627
731.594 628
731.589 629
731.585 630
731.58 631
731.575 632
731.571 633
731.566 634
731.561 635
731.557 636
731.552 637
731.548 638
731.545 639
